v
0 0.0 1.0 1.66782792654
1 0.0 1.25 1.3513628244
2 0.0 1.5 1.62456673166
3 0.0 1.75 2.1149627137
4 0.0 2.0 2.29293711757
5 0.5 1.0 2.22717741583
6 0.5 1.25 2.84581291587
7 0.5 1.5 2.00907225206
8 0.5 1.75 1.68938569698
9 0.5 2.0 1.74344988626
10 1.0 1.0 1.82415051592
11 1.0 1.25 1.32047299108
12 1.0 1.5 1.58174120705
13 1.0 1.75 1.97314038855
14 1.0 2.0 2.88519899085
15 1.5 1.0 2.29980428536
16 1.5 1.25 3.2619228437
17 1.5 1.5 2.39887854808
18 1.5 1.75 2.07902050799
19 1.5 2.0 2.54883233931
20 2.0 1.0 1.96402786411
21 2.0 1.25 2.05802379451
22 2.0 1.5 2.99639765813
23 2.0 1.75 1.61571776261
24 2.0 2.0 2.16429020699


e
11 16
7 8
7 13
10 11
15 20
12 13
10 15
13 17
14 19
16 21
13 14
3 7
7 11
18 19
1 2
4 9
1 5
20 21
23 24
5 6
12 17
17 22
17 23
2 7
9 14
5 11
6 11
19 24
22 23
3 9
0 5
7 12
19 23
6 7
17 18
11 12
13 19
16 17
0 1
8 9
11 17
5 10
8 13
21 22
15 16
15 21
1 6
3 8
17 21
18 23
13 18
1 7
2 3
11 15
9 13
3 4
